[2023-10-11 12:35]
7288160106619997483
7288068539494239530
7287978208434130209
7287946392788536582
7287967532076600582
7287631510620998918
7287630770233953541
7287313517655395627
7287313597439724846
7286918961768287490
7286837731613773062
7274212500315426056
7286537663438540038
7217167689943436551
7197809465351998721
7192581460103122178
7193322243789720833
7218909414432967943
7206005032645414145
7214457331055201538
7214104992834227458
7210800974766542081
7192219994120260865
7267420674942127403
7201531780011281666
7260568594411572482
7286383860810616070
7286252273984933162
7286126051086961928
7285678469051141409
7285986737472572678
7285975275672767749
7285833933172772102
7286024455023856901
7286074412955127045
7285338468778118405
7283167297424936198
7285321802824338720
7285346996209077536
7285351056828157216
7283890237959343366
7258234452516687112
7285401724179844385
7266103301513448709
7285402915974532384
7277173895612910853
7283501791956815109
7285885332623478059
7268597131680828677
7283825624253254918
7258272070931434759
7258255433494842632
7259750636126883118
7260706307479522562
7266028405517307141
7259967371501145386
7250078456413801754
7265810913935101190
7264270553031167240
7268646553219288326
7256908687309016346
7258269594543033607
7266118166764326150
7270499046702189825
7261239135866866949
7267211715622735110
7277208515746368814
7270472313273912577
7265417781703625990
7269337741232491782
7267998893986614530
7265614761029569797
7266480013233491206
7269667926335180037
7265763220642696454
7270959404466375942
7284203991347531014
7285256240362540294
7196235510170258690

[2023-10-11 14:44]
7283114792427048225
7283124138825272608

[2023-10-11 15:05]
7196235510170258690

[2023-10-11 18:53]
7286808864081677576
7287627887249853703
7287659878313757970
7286806306227375378

[2023-10-11 22:33]
7288386334136241413

[2023-10-12 07:27]
7284890358687796485
7287684486580538657
7287969325028216097
7287686473774599457
7287926116038233376
7288776308870368558
7288900254462709038

[2023-10-12 08:31]
7285486900905823494

[2023-10-12 10:16]
7255198403699690758
7255889860618128646
7271106924802886918
7263077075509169414
7282057211931659526
7254405782383398149
7276076745806171397

[2023-10-12 13:00]
7289000434377772330

[2023-10-12 15:45]
7271910568628358405
7275001717459143942

[2023-10-12 19:30]
7282288057829756202

[2023-10-12 22:17]
7256778419294178602
7256714667710500138
7282624174965771526
7287227633560079622

[2023-10-13 10:00]
7287983352013966593

[2023-10-13 22:37]
7287596254878633222
7287588446347070725
7288709013573831942
7288922047902780678
7289004337039183110
7289014246489279749
7276929396513033478
7271577212363492614

[2023-10-13 22:52]
7286777078295399685
7287568907190291717
7289520770403912966

[2023-10-14 05:15]
7289640481254870318
7289640437021723946

[2023-10-14 11:30]
7289506236532378886

[2023-10-14 15:14]
7289755299165031686

[2023-10-14 18:00]
7259433818782747950
7258374242822032683

[2023-10-14 19:00]
7274656286078242054
7276424352021695787
7265625258705554720
7281265693448998190
7270203963004210434
7275726820266249503
7284980927208443142
7287240052747406597
7289106866573937925
7289507974828117254

[2023-10-14 20:01]
7273066818414300422
7289868552931118338

[2023-10-14 20:46]
7262987999036656902

[23:59:13]
7285740324075343136

[01:30:42]
7288366582231846146

[08:00:40]
7286466642580671749

[15:15:48]
7289416051710790913
7269377487585529096
7269463058815208722
7290145027320204546
