7192626035492425006
7256120734181805313
7254546249699904776
7258993508122381586
7246472804965600520
7247866657853426951
7261676374069431558
7261665239635168518
7267503502878838062
7244436553404042503
7250044976619474181
7247568718006422791
7258976523284237586
7258998512749235461
7258646775551020290
7258998630651104513
7259344295168150792
7261272110629211399
7268380452245900590
7264493763249163525
7250191877608082694
7259809162224274693
7271910568628358405
7259348098785316097
7262636211037031686
7258972744790838530
7259021540279307526
7254635201911885062
7282806706927635717
7266714039953214725
7260524425316060462
7260362121567800578
7258942928112848130
7258313151719001350
7267831775609605384
7259467406077103361
7252003212905975047
7259812862074342662
7255650947966323976
7259764381582380293
7275667444688047403
7264118382906199298
7258710048547867906
7257828073360362794
7251638807865396506
7267124007193906474
7267246701914639634
7258998452288310534
7252345189484858626
7258652822151892230
7259043654352850219
7284653240686251270
7283473335076359455
7258590007357689095
7256362659723988225
7244469647729380615
7259353124819815682
7267451011986443526
7236364901596286209
7255198403699690758
7258743529558592814
7263050670629080363
7259069917960441089
7254257153865698565
7268250452234571010
7258909560323214594
7259652024134929672
7267849994269379883
7256778419294178602
7259404645687201026
7257417100426333442
7258682334231268610
7264661445550411009
7282408384052137224
7247070483571674374
7257893270242512146
7256119237633117458
7281697445694704901
7258687590730042626
7261245897105820934
7259296555608395010
7259037212363279622
7258666183249939714
7261535483489012994
7282496763620068613
7258640981170343169
7254426258409311506
7267986713006361898
7265867653657414917
7259283040411716870
7276117223800900870
7258692340510887170
7258649757248195841
7263362267339689222
7266002685055257861
7286097520441298178
7282833394155752709
7267534108786543914
7284074393968413957
7252394248748715265
7258649032074038530
7259698012358790418
7265230476456234286
7258665075563695366
7259446033271246087
7256770027909631233
7263809780521848110
7281164155824999681
7267213801982889222
7261209776997158149
7267237269801585963
7254460920355638534
7255631860850576642
7259903976978550022
7263876682086403360
7247170592879774994
7254544326808620293
7256714667710500138
7262670297332010283
7278755126624505094
7250983053202361627
7258202621868133638
7265325007427915054
7285681816307174661
7268979671620963585
7278352509356248326
7265345300213107974
7267636048677670186
7259794483733155080
7286487138122861825
7257224266041609477
7266888934028791048
7278313194823699717
7271692281655184641
7271162363703741697
7266406636099702021
7261152137562934534
7259700998329994497
7263810549819952430
7259809790610771202
7265590469772561669
7281300779309305121
7258371736842947846
7282279526250319150
7258736441390271749
7264636072313851138
7259414873547803905
7266387250563255558
7268387509413874950
7273413934340771073
7258645171552685317
7285740324075343136
7263360119793192238
7263092933711318274
7280526193793764640
7259091762336091393
7258138442608020742
7258642907798850817
7259476245929413930
7263785565789785350
7273066818414300422
7263780156282539269
7269341778166304006
7272307777014336774
7260795585454722350
7282385946388024581
7260017715945934081
7258645926682676481
7258535019830873352
7267553870346226945
7262025238450277637
7272392332786355498
7271546618120326431
7267444997174103303
7258641774938295553
7263309128154516778
7261210061509266693
7265715385884757254
7261119628863229191
7259433818782747950
7258650833716333825
7260397008005991723
7266836694245117189
7259622746148130049
7255889860618128646
7259352166278630658
7271302038506589482
7264660660103990530
7260587459996650758
7257894112299404549
7273455595066379526
7261220995388722437
7264465217365626117
7266723606938406149
7259405995426811137
7260754666286337285
7269339636487458053
7247209163615505670
7262631166014950662
7261520370186980613
7267127799822044421
7262024121653939462
7261158672653487365
7267552281485266177
7286928440459152642
7272084020366724354
7261237097799945478
7285486900905823494
7266723212073995526
7271144502033747218
7258374242822032683
7280526483913788705
7285257037083102470
7259395767809428737
7271918875573325102
7271541406533995778
7262971304394067246
7284571608264477985
7274613950602382635
7265243941853826310
7274965178624544042
7263019106587331846
7269504102269209862
7259759887977123074
7260783552751570181
7272655915822648581
7261203588041444613
7270872021486324998
7262383107771321632
7271106924802886918
7268641036279254278
7266367115655957765
7261143654780128517
7266521994835922181
7269044615142214958
7260836350587456776
7260756238089080069
7271138746198740226
7261140190486351110
7266812918178548997
7260828162928430341
7278707738673220896
7266883203829386538
7267980408883514667
7271197060286827822
7258679109117545733
7271541952812829953
7260783566533971205
7268627208598474017
7259761133584764202
7267211020446354693
7256770684787952898
7261353182264184070
7261251811317779718
7280062544725757189
7267210612592381189
7265593225312800005
7267092805552540934
7266825900379950342
7266811355762625797
7259797035694525701
7259410321914236161
7284492516395617541
7263077075509169414
7287032722986454278
7267210105559633157
7259618832036220162
7266723880855670022
7260430341708483883
7258739628943985926
7272754327989521669
7269013444148350214
7267796224609094920
7270499448235511045
7263359830780398849
7267237727647681810
7264885055808376070
7267077737347681554
7267213133150686470
7267086909187394822
7258309145349344558
7270500510451371270
7266827125519289605
7267468060251000107
7270860608751324422
7286500175017774343
7268271021587762474
7260495675857620229
7280526849434815777
7260447406767033642
7270894744123772162
7278747521424428293
7261313466420530438
7280063251843616006
7260102479658913030
7257883794873634054
7267171090525441288
7260018953131707653
7279736326818204930
7264885395589025030
7267210354046831877
7266786780169391402
7263113273791368490
7268645538470579461
7262006757042457862
7264969984474975494
7272736130930543878
7259650987076488491
7286924293663919362
7267792668074200322
7280388374324661536
7257563796246433026
7278597487068417286
7259620772581231873
7257923013302078762
7267915537836166446
7270432382329703685
7259299089773235461
7250964082952506651
7280062982472715526
7270873998869679366
7262817026266156331
7266131799208758534
7266451629258444037
7278747789566266630
7264563599954185477
7265716626799168774
7259303986421828869
7273084775592758534
7268473222109105450
7275977399064349957
7269001922940751110
7277860205839273222
7268959903912348933
7273403395573091589
7260240502539291947
7268355418747849985
7287545938594254082
7273392702207692075
7263516312910056709
7271238991481933062
7263871529111309574
7268215784122420481
7268641798052957446
7273426210011745582
7261860522767830314
7267170498436467986
7260781970181999877
7258247286180826376
7276487697114467586
7274322673252027691
7263030890224307463
7261926514600480002
7278597744917351686
7260097850166578437
7273790990761135367
7254042708178668842
7274291021146508549
7261979824405761286
7257860194061864210
7271701152712887594
7259071799256681734
7270982160155233542
7275604783547845889
7268960661374242049
7263584583898123553
7263396391563562246
7280878107504954632
7263761199148322053
7279083910439423264
7283931819509026090
7267238818296712456
7259885066208283909
7274123183823850757
7265232652666457349
7266777693830515973
7279046553543642374
7267836506989989122
7264601350758059282
7277337840411823366
7270051054056787201
7261887227288882440
7259684709905534209
7280128491369024774
7273786113376980231
7269791635976801579
7276796054266187014
7273187816249609478
7271653508154166534
7263396675899723054
7268216014603586818
7270862037515914501
7269454032563866886
7280525926562041120
7270171752129498373
7269788074270412040
7269750130801249537
7269495208096648449
7285314483206049066
7263118832217296134
7279369668668738821
7267953810147020065
7265622140127382790
7270132986597756161
7265211532286479621
7260786922857991430
7266093414276517121
7265559807262739718
7263813196006444306
7272300548479601925
7271548782406339882
7265958315077750018
7273176752015330565
7271282495230872833
7280389271142337825
7266844963680390443
7262987999036656902
7275605309157084417
7271686019060075778
7285067959934946565
7260445786083773742
7267826936112581889
7284289828135406854
7282260761609653510
7270964943078329601
7271897588310330656
7268965360655797509
7258917161190640897
7285289475318500651
7263080736591318277
7272771548992277765
7264446069419805957
7280915725781454086
7260372765927247150
7275783204911598890
7271727851961863425
7273403487214488838
7272446694845975809
7259861120096292098
7284181516056366341
7285067382274510085
7267521935175634182
7265354233413913902
7271189376686640390
7267194491101105414
7260452072376601861
7274167328621759745
7273003266290535686
7269051894348139781
7284238441577975082
7284267298095893766
7264253283189918982
7286505872224881926
7285294681188011307
7266269507868577029
7277464408001891589
7280072909098323202
7269770568897989896
7265230275511160070
7282057211931659526
7267964295135186182
7262722746214272262
7272974824232766726
7266019522883161346
7270506473430469890
7284235265705528622
7267526234110790918
7260077930796076294
7270579247326956801
7284506505561328902
7283051524081683718
7274215732756499717
7270966721526238470
7270506822283300097
7277634319558905093
7272822653352791301
7271681714232118530
7265285876215811360
7257868213722058011
7274345320023149870
7284190052278816046
7269658422172241158
7272652582928043269
7286502993556458758
7271946548018203909
7266276904800423173
7270964506702957826
7263471143477087494
7264600517127523586
7264215727148666118
7269476886122695937
7270886933323074818
7266802095058062598
7280599199123574021
7270971454173318406
7266868389484793089
7283478657903922437
7266121293437717766
7271540721117629739
7284890358687796485
7275739804912962848
7272002753453509934
7276503352828087559
7273211992607853830
7271160434735058182
7279701739735895302
7261261680422735110
7280951811475836166
7274853218746764550
7269116995747138862
7281270947993193733
7273040269883346182
7274304935150357767
7272820926016802054
7271938780020362501
7271743207011093766
7269660749977488642
7272673987199520006
7284205000455228678
7271974656960122118
7270878389932805418
7284660517971463430
7284505584798403845
7278723913159396614
7276766016473025834
7261654417290677510
7258626130045898010
7254405782383398149
7268257260189584642
7260454409992162578
7283479037840788742
7271940018371857670
7266799610151079174
7286129266247421189
7284273243668811054
7284207724601117957
7283957827742289195
7279311068185365766
7272063530805906694
7282288057829756202
7261216151961636101
7282456038421417248
7268216849945382146
7286180435455970565
7275647756696325381
7274971572698385669
7274542767940832518
7270210455895919880
7282351593457011970
7279862610642603269
7270405227386277122
7283192979756485894
7267455844285975816
7273920840608009477
7270788843601792258
7280602844103855365
7280604333551799557
7270582521438457089
7268586453372849410
7261949343589027077
7262760182894054688
7277862326789868801
7272830322574724357
7283438845545155883
7287654253391383850
7284588723583438126
7258267219753307438
7285000282415648007
7284630156394908933
7268258805606042881
7283567277805423914
7286551216878931205
7283881639737019654
7274909213908864258
7284873625591614726
7272689703407684869
7280581401139809537
7277243620644719878
7282796327442959658
7274908995360427265
7279110798960577798
7272273889235963178
7269392603693583622
7287197246465182981
7263022740645416197
7260932404163136774
7286531129413274885
7282361026006453510
7268661667389590792
7272363075867544838
7281566323056889094
7279329522548313350
7259836723780193542
7280072555409558786
7281565636122168581
7266473467258686753
7262727320719379717
7286179973516266758
7284885298067033349
7279803446604123398
7284994111537515781
7285044575478091014
7283480741315497221
7276375590456921346
7271161466969918726
7279043794861837573
7285345469130231046
7286331574440987950
7271619684741565739
7287195919836220678
7269110822557846790
7258813312828230914
7258291720524205318
7286162352238595334
7280941692474232070
7286502903727033606
7279327583496424711
7270370003508006187
7283114792427048225
7268714684356775200
7281570993884105989
7279762796194041089
7284657341398600965
7286901020712586501
7284324662366981381
7270469145962073350
7286338551170485546
7259459949195955458
7286894280801717509
7286325791053450539
7279424483100757253
7277896205307333893
7287204916311985414
7279750277505256710
7287298736278048006
7257917663576460550
7286869500669037830
7286333945136827691
7288017041854876970
7284504162790870314
7283124138825272608
7268827068467514630
7261122945043565870
7284587642530827562
7286112327617809670
7285060623010909441
7285282162406935816
7282094673890512134
7270464116555320582
7288013296404270342
7271260869860838661
7286777078295399685
7286149208904715526
7286525988496805125
7284910245304962310
7279047328147819782
7261607486858284296
7286906347814276353
7286718580203244806
7285317494527626502
7281601478966463750
7225920215203237147
7282842875795229958
7281602471498140933
7258320103199067397
7284340844025351430
7284543862599650565
7259418996540181778
7286908621647006981
7284699289849302277
7287255641662475526
7287038427906706693
7274696883795283243
7287129025728777477
7287596254878633222
7286521478995021062
7285316216120479018
7288232185155341573
7285637494287158534
7287568907190291717
7273477823866703136
7287582084665740549
7263497064280116486
7287237001860943110
7286871639092890885
7287182174325935366
7286928403763055878
7279847851742514465
7274306929416015109
7264532108192861472
7287197324584045830
7282489808256093446
7287684486580538657
7286808864081677576
7283925740880399621
7286940171566877958
7269085028036922657
7287109974717746437
7287269616978513195
7286114323750046982
7274124898187103530
7287969325028216097
7287233206213053702
7261787737643076906
7282494334736321797
7270463680347770154
7258630187309419781
7287686473774599457
7217554115512077574
7259913184981699846
7265335298538753286
7260822233780653317
7284359794679352582
7287588446347070725
7278606780639218950
7274656286078242054
7276424352021695787
7265625258705554720
7287926116038233376
7281265693448998190
7270203963004210434
7286817722112036102
7275726820266249503
7259429741558533402
7271693359331167493
7287983352013966593
7287627887249853703
7284980927208443142
7270542538023390469
7288415422578216238
7288366582231846146
7288068256303435051
7287659878313757970
7276076745806171397
7260198561264979206
7279309735700991238
7286841457032367393
7286806306227375378
7265102887661931781
7273808139936402731
7272430477544557870
7266777444860873989
7286881418825813266
7281948729203035425
7270474624213798150
7264665458467491104
7261500072158891270
7254220389386145050
7286427498462629126
7269530966333459717
7260101536506809626
7281313646892928261
7278460033934036229
7265729833680882949
7263321433751817477
7262328722311630085
7287240052747406597
7287515488199003398
7273432680623082757
7270909011749326085
7270623139007040774
7269795575812443398
7268014532604218625
7278521028542827781
7267582022174919937
7284733499117030662
7271171531772873985
7272971395850652971
7269727574366883079
7284622983203654943
7284618723766308101
7271205612011130119
7285471789969411333
7281602480218164486
7272888686562397482
7286466642580671749
7284982797041749253
7283694987374578974
7281927729950379269
7280533340518616326
7269002820957834502
7285356752235695390
7282739246925090053
7279853514669460742
7288359732509822214
7287999515645201670
7285859750707825925
7284907996314930438
7283881006992772398
7278363470440041734
7284907566948207877
7284851796978421022
7283589484866768161
7282624174965771526
7288414820834004270
7287143362249886981
7279779491344551174
7279438396756380933
7274628314067668229
7285775343821098272
7284708737506479366
7279031848372669729
7288386334136241413
7288246401476201733
7286812365381766405
7261757448510278918
7258802471391218945
7270893840901393665
7259898769641164033
7275001717459143942
7287227633560079622
7288160106619997483
7288068539494239530
7287978208434130209
7287946392788536582
7287967532076600582
7287631510620998918
7287630770233953541
7287313517655395627
7287313597439724846
7286918961768287490
7286837731613773062
7274212500315426056
7286537663438540038
7217167689943436551
7197809465351998721
7192581460103122178
7193322243789720833
7218909414432967943
7206005032645414145
7214457331055201538
7214104992834227458
7210800974766542081
7192219994120260865
7267420674942127403
7201531780011281666
7260568594411572482
7286383860810616070
7286252273984933162
7286126051086961928
7285678469051141409
7285986737472572678
7285975275672767749
7285833933172772102
7286024455023856901
7286074412955127045
7285338468778118405
7283167297424936198
7285321802824338720
7285346996209077536
7285351056828157216
7283890237959343366
7258234452516687112
7285401724179844385
7266103301513448709
7285402915974532384
7277173895612910853
7283501791956815109
7285885332623478059
7268597131680828677
7283825624253254918
7258272070931434759
7258255433494842632
7259750636126883118
7260706307479522562
7266028405517307141
7259967371501145386
7250078456413801754
7265810913935101190
7264270553031167240
7268646553219288326
7256908687309016346
7258269594543033607
7266118166764326150
7270499046702189825
7261239135866866949
7267211715622735110
7277208515746368814
7270472313273912577
7265417781703625990
7269337741232491782
7267998893986614530
7265614761029569797
7266480013233491206
7269667926335180037
7265763220642696454
7270959404466375942
7284203991347531014
7285256240362540294
7196235510170258690
7288685035023224110
7288709673367145733
7288709013573831942
7288728516261137669
7288734652951465221
7288776308870368558
7288770147685338374
7288900254462709038
7288922047902780678
7289000434377772330
7289004337039183110
7289014246489279749
7289050437926309126
7289093633372982535
7289108432374844678
7289107399368019206
7289106866573937925
7289139110428691718
7289257115414187270
7289401955775073542
7289416051710790913
7289423545740840225
7289431937138052358
7289436312367648005
7289436493297306922
7269377487585529096
7269463058815208722
7289493512104529158
7289506236532378886
7289507974828117254
7289520770403912966
7289518118592924933
7276929396513033478
7271577212363492614
7289554763379789061
7289563738393300230
7289640481254870318
7289640437021723946
7289674875805945131
7289711635713772842
7289710648299130118
7289756174981795105
7289755299165031686
7289789636770057477
7289796419391606021
7289815871386553605
7289827781238623493
7289826904079600901
7289868079109000453
7289870752894045447
7289868552931118338
7289876808810368263
7289889520919563527
7290042686218800430
7290042296312007982
7290111837989899528
7290145027320204546
7290159569538403590
7290159502203112736
7290161438759357728
7290174540481809696
7290179000880614688
7290183429168073991
7290187953131900167
